check_bigger_sum
5
27
39 387 -150 158 70 322 -356 298 292 288 256 -149 -214 371 71 129 149 -265 -88 5 243 -366 -355 -353 -186 -130 287
40
-68 357 167 -40 -43 -393 153 -112 73 -41 -335 -348 178 -252 -233 174 223 -315 43 -206 274 -133 -322 122 -23 -155 395 -199 128 7 -231 -229 172 -321 -54 -143 -307 -40 39 153
49
323 2 -200 121 38 357 391 53 329 -62 374 -271 -355 -138 342 47 5 -8 122 292 -373 -195 78 -366 106 -140 63 -231 394 15 253 -250 -142 -86 -347 -242 -60 -115 278 -248 307 393 115 16 72 -153 185 -381 393
9
-392 361 176 -400 -236 282 -268 -34 -112
36
297 24 -197 -246 207 -47 305 -1 -356 -191 -14 106 385 354 291 212 96 237 -83 246 -364 -51 142 -206 -314 -99 241 101 -155 -255 -302 -26 13 -261 -151 -223
753 -1826 1151 -654 -186
